Ano;Turno;Município;Número;Candidato;Zona;Seção;Seções Agregadas;Votos;Local de Votação;Endereço Local de Votação;Bairro;
2024;1;FORTALEZA;22227;MARIA JOSÉ BRICIO;1;42;;1;COLEGIO ANTARES - SANTOS DUMONT;AVENIDA SANTOS DUMONT 3777;ALDEOTA;
2024;1;FORTALEZA;22227;MARIA JOSÉ BRICIO;1;641;;1;ESCOLA ESTADUAL  BARBARA DE ALENCAR;RUA PEDRO RUFINO 38;VARJOTA;
2024;1;FORTALEZA;22227;MARIA JOSÉ BRICIO;1;795;;1;ESCOLA MUNICIPAL PROF BELARMINA CAMPOS;RUA MANOEL RODRIGUES MONTEIRO, 840;VICENTE PINZON;
2024;1;FORTALEZA;22227;MARIA JOSÉ BRICIO;2;715;;1;CMES PROFª TEREZINHA FERREIRA PARENTE;RUA NELSON COELHO, 209;LAGOA REDONDA;
2024;1;FORTALEZA;22227;MARIA JOSÉ BRICIO;3;3;;1;COLÉGIO TIRADENTES VESTIBULARES;RUA PEDRO I, 1106;CENTRO;
2024;1;FORTALEZA;22227;MARIA JOSÉ BRICIO;3;241;261;2;COLÉGIO ESTADUAL JUSTINIANO DE SERPA;AV. SANTOS DUMONT, 56;CENTRO;
2024;1;FORTALEZA;22227;MARIA JOSÉ BRICIO;3;270;227;1;FAC. CATÓLICA DE FORTALEZA (SEMINÁRIO DA PRAINHA);RUA TENENTE BENÉVOLO, 201;CENTRO;
2024;1;FORTALEZA;22227;MARIA JOSÉ BRICIO;3;445;;1;EEFM SANTA LUZIA;RUA JOÃO CORDEIRO, 711;PRAIA DE IRACEMA;
2024;1;FORTALEZA;22227;MARIA JOSÉ BRICIO;3;533;;1;UNICHRISTUS ALDEOTA;RUA VISCONDE DE MAUÁ, 1940;ALDEOTA;
2024;1;FORTALEZA;22227;MARIA JOSÉ BRICIO;3;604;;1;COLÉGIO SANTA CECÍLIA;AV. SENADOR VIRGÍLIO TÁVORA, 2000;ALDEOTA;
2024;1;FORTALEZA;22227;MARIA JOSÉ BRICIO;3;645;;1;WIZARD DOM LUÍS;AV. DOM LUÍS, 149;MEIRELES;
2024;1;FORTALEZA;22227;MARIA JOSÉ BRICIO;80;282;;1;EEF GAL.  MANUEL CORDEIRO NETO;RUA JORGE ACURCIO, 900;VILA UNIÃO;
2024;1;FORTALEZA;22227;MARIA JOSÉ BRICIO;80;305;;1;ASSEMBLÉIA LEGISLATIVA - UNIVERSIDADE DO PARLAMENTO CEARENSE;RUA BARBOSA DE FREITAS, 2674;DIONISIO TORRES;
2024;1;FORTALEZA;22227;MARIA JOSÉ BRICIO;80;414;;1;COLÉGIO ANTARES FÁTIMA (VILA UNIÃO);RUA ALBERTO MONTEZUMA, 235;VILA UNIÃO;
2024;1;FORTALEZA;22227;MARIA JOSÉ BRICIO;82;191;;1;CENTRO EDUCACIONAL SÃO MATEUS;AV. SARGENTO HERMÍNIO SAMPAIO, 2440;MONTE CASTELO;
2024;1;FORTALEZA;22227;MARIA JOSÉ BRICIO;82;203;;1;EEFM CLÁUDIO MARTINS;RUA DEMÓCRITO ROCHA, 400;MONTE CASTELO;
2024;1;FORTALEZA;22227;MARIA JOSÉ BRICIO;82;462;;1;ESCOLA MUNICIPAL PROFESSOR MARTINZ DE AGUIAR - EI/EF;RUA BERNARDO PORTO, 490;MONTE CASTELO;
2024;1;FORTALEZA;22227;MARIA JOSÉ BRICIO;82;687;;1;EEFM JOSÉ VALDO RIBEIRO RAMOS - EEMTI;RUA PEDRO AMÉRICO, 100;CARLITO PAMPLONA;
2024;1;FORTALEZA;22227;MARIA JOSÉ BRICIO;83;53;;1;ESCOLA MUNICIPAL PAULO SARASATE;RUA PEDRO MUNIZ 250;DEMOCRITO ROCHA;
2024;1;FORTALEZA;22227;MARIA JOSÉ BRICIO;83;132;;2;ESCOLA MUNICIPAL PRESIDENTE KENNEDY;AV. LINEU MACHADO 811;JÓQUEI CLUBE;
2024;1;FORTALEZA;22227;MARIA JOSÉ BRICIO;83;232;;1;ESCOLA MUNICIPAL JOSÉ BATISTA DE OLIVEIRA;RUA GOIÁS 620;PANAMERICANO;
2024;1;FORTALEZA;22227;MARIA JOSÉ BRICIO;83;245;;1;EEFM ANISIO TEIXEIRA;RUA RIO GRANDE DO SUL 680;PANAMERICANO;
2024;1;FORTALEZA;22227;MARIA JOSÉ BRICIO;83;287;;1;COLÉGIO ELITE;AVENIDA JOÃO PESSOA, 6302;MONTESE;
2024;1;FORTALEZA;22227;MARIA JOSÉ BRICIO;83;324;;1;ESCOLA MUNICIPAL JOSÉ BONIFÁCIO DE SOUSA;RUA PERNAMBUCO 600;DEMOCRITO ROCHA;
2024;1;FORTALEZA;22227;MARIA JOSÉ BRICIO;83;443;;1;EEFM JOAQUIM ALVES;RUA ESTADO DO RIO 955;DEMOCRITO ROCHA;
2024;1;FORTALEZA;22227;MARIA JOSÉ BRICIO;83;475;;1;ESCOLA MUNICIPAL JOSÉ BATISTA DE OLIVEIRA;RUA GOIÁS 620;PANAMERICANO;
2024;1;FORTALEZA;22227;MARIA JOSÉ BRICIO;83;547;;1;CENTRO DE FORMAÇÃO E DESENV. PARA PROFISSIONAIS DA EDUCAÇÃO - FORMACE;RUA PORTO VELHO, 401;JOÃO XXIII;
2024;1;FORTALEZA;22227;MARIA JOSÉ BRICIO;83;608;;1;ESCOLA MUNICIPAL PROFESSORA MARIA LIDUÍNA CORREA LEITE;RUA FERNÃO MAGALHÃES, 120;PICI;
2024;1;FORTALEZA;22227;MARIA JOSÉ BRICIO;83;705;;1;ESCOLA PEQUENO PRINCIPE;RUA SILVEIRA FILHO, 825;JÓQUEI CLUBE;
2024;1;FORTALEZA;22227;MARIA JOSÉ BRICIO;83;707;;1;EEMTI ANTONIETA SIQUEIRA;RUA GUARANI 04;HENRIQUE JORGE;
2024;1;FORTALEZA;22227;MARIA JOSÉ BRICIO;83;711;;2;COLÉGIO PROFESSORA JEMINA GÓIS;RUA GUANABARA, 627;DEMOCRITO ROCHA;
2024;1;FORTALEZA;22227;MARIA JOSÉ BRICIO;83;724;;1;EDUCANDARIO FELIPE DOS SANTOS;RUA TERESINA 313;HENRIQUE JORGE;
2024;1;FORTALEZA;22227;MARIA JOSÉ BRICIO;83;730;;1;COLÉGIO ELITE;AVENIDA JOÃO PESSOA, 6302;MONTESE;
2024;1;FORTALEZA;22227;MARIA JOSÉ BRICIO;83;752;;1;EEMTI ANTONIETA SIQUEIRA;RUA GUARANI 04;HENRIQUE JORGE;
2024;1;FORTALEZA;22227;MARIA JOSÉ BRICIO;83;764;;1;ESCOLA UMA JANELA PARA O MUNDO;RUA JULIO BRAGA, 1014;JOÃO XXIII;
2024;1;FORTALEZA;22227;MARIA JOSÉ BRICIO;85;103;;1;ESCOLA MARIA ÍRIS DE PAULA AMARAL;RUA TOMÁS CAVALCANTE, 460;AUTRAN NUNES;
2024;1;FORTALEZA;22227;MARIA JOSÉ BRICIO;85;109;;1;CEJA ADELINO DE ALCANTARA FILHO - UV-6;RUA SEISCENTOS E DOZE, 100, 1A ETAPA;CONJUNTO CEARÁ I;
2024;1;FORTALEZA;22227;MARIA JOSÉ BRICIO;85;113;;1;CCDH - CENTRO DE CIDADANIA E DIREITOS HUMANOS (ANTIGO LUCIO ALCANTARA);AV. ALANIS MARIA LAURINDO DE OLIVEIRA, 461, 1A ETAPA;CONJUNTO CEARÁ I;
2024;1;FORTALEZA;22227;MARIA JOSÉ BRICIO;85;122;;1;CCDH - CENTRO DE CIDADANIA E DIREITOS HUMANOS (ANTIGO LUCIO ALCANTARA);AV. ALANIS MARIA LAURINDO DE OLIVEIRA, 461, 1A ETAPA;CONJUNTO CEARÁ I;
2024;1;FORTALEZA;22227;MARIA JOSÉ BRICIO;85;148;;1;EEF GOVERNADOR FAUSTINO ALBUQUERQUE - UV1;RUA 143 N 155 - 1 ETAPA;CONJUNTO CEARÁ I;
2024;1;FORTALEZA;22227;MARIA JOSÉ BRICIO;85;151;;1;EEF GOVERNADOR FAUSTINO ALBUQUERQUE - UV1;RUA 143 N 155 - 1 ETAPA;CONJUNTO CEARÁ I;
2024;1;FORTALEZA;22227;MARIA JOSÉ BRICIO;85;153;;1;EEF GOVERNADOR FAUSTINO ALBUQUERQUE - UV1;RUA 143 N 155 - 1 ETAPA;CONJUNTO CEARÁ I;
2024;1;FORTALEZA;22227;MARIA JOSÉ BRICIO;85;210;;1;ESCOLA MUNICIPAL PROF AMERICO BARREIRA;RUA RICARDO PONTES 529;GENIBAÚ;
2024;1;FORTALEZA;22227;MARIA JOSÉ BRICIO;85;219;;1;EEFM MARIA ANTONIETA NUNES - UV 9;RUA 916 SN 4 ETAPA;CONJUNTO CEARÁ I;
2024;1;FORTALEZA;22227;MARIA JOSÉ BRICIO;85;221;;1;EEFM MARIA ANTONIETA NUNES - UV 9;RUA 916 SN 4 ETAPA;CONJUNTO CEARÁ I;
2024;1;FORTALEZA;22227;MARIA JOSÉ BRICIO;85;231;;1;EEM LICEU DO CONJUNTO CEARA;RUA 1139 A, 10 4 ETAPA;CONJUNTO CEARÁ I;
2024;1;FORTALEZA;22227;MARIA JOSÉ BRICIO;85;240;;1;EEM PROF JOSE MARIA CAMPOS DE OLIVEIRA - UV 8;RUA 820 S/N - 3 ETAPA;CONJUNTO CEARÁ I;
2024;1;FORTALEZA;22227;MARIA JOSÉ BRICIO;85;265;;1;EMEIF DOLORES ALCANTARA;RUA CARDEAL ARCOVERDE S/N;AUTRAN NUNES;
2024;1;FORTALEZA;22227;MARIA JOSÉ BRICIO;85;282;;1;EEFM PROF. EDMILSON GUIMARAES DE ALMEIDA UV 10;RUA 1074 S/N (PROX. HOSPITAL), 4 ETAPA;CONJUNTO CEARÁ I;
2024;1;FORTALEZA;22227;MARIA JOSÉ BRICIO;85;283;;2;EEFM PROF. EDMILSON GUIMARAES DE ALMEIDA UV 10;RUA 1074 S/N (PROX. HOSPITAL), 4 ETAPA;CONJUNTO CEARÁ I;
2024;1;FORTALEZA;22227;MARIA JOSÉ BRICIO;85;341;;1;ESCOLA MUNICIPAL DEP JOAO FREDERICO FERREIRA GOMES;RUA JOSE MENDONCA 1160;GENIBAÚ;
2024;1;FORTALEZA;22227;MARIA JOSÉ BRICIO;85;383;;1;EEFM PROF. EDMILSON GUIMARAES DE ALMEIDA UV 10;RUA 1074 S/N (PROX. HOSPITAL), 4 ETAPA;CONJUNTO CEARÁ I;
2024;1;FORTALEZA;22227;MARIA JOSÉ BRICIO;93;81;;1;EM RACHEL DE QUEIROZ;AVENIDA C, S/N - II ETAPA;PREFEITO JOSÉ WALTER;
2024;1;FORTALEZA;22227;MARIA JOSÉ BRICIO;93;84;;1;EM RACHEL DE QUEIROZ;AVENIDA C, S/N - II ETAPA;PREFEITO JOSÉ WALTER;
2024;1;FORTALEZA;22227;MARIA JOSÉ BRICIO;93;86;;1;EM RACHEL DE QUEIROZ;AVENIDA C, S/N - II ETAPA;PREFEITO JOSÉ WALTER;
2024;1;FORTALEZA;22227;MARIA JOSÉ BRICIO;93;89;;1;EM MINHA VIDA MEUS AMORES;AVENIDA D, 380 - II ETAPA;PREFEITO JOSÉ WALTER;
2024;1;FORTALEZA;22227;MARIA JOSÉ BRICIO;93;103;;1;ESCOLA MUNICIPAL ARI DE SA CAVALCANTE (JOSÉ WALTER);AV. H, 430 III ETAPA;PREFEITO JOSÉ WALTER;
2024;1;FORTALEZA;22227;MARIA JOSÉ BRICIO;93;128;;1;COLEGIO 21 EDUCAR;AV JOAO DE ARAUJO LIMA, 1240 - II ETAPA;PREFEITO JOSÉ WALTER;
2024;1;FORTALEZA;22227;MARIA JOSÉ BRICIO;93;136;;1;COLEGIO VEGA;AVENIDA C, 160;PREFEITO JOSÉ WALTER;
2024;1;FORTALEZA;22227;MARIA JOSÉ BRICIO;93;141;;1;EEEP PROFESSOR ONELIO PORTO;AVENIDA E, 471 - II ETAPA;PREFEITO JOSÉ WALTER;
2024;1;FORTALEZA;22227;MARIA JOSÉ BRICIO;93;142;;2;EEEP PROFESSOR ONELIO PORTO;AVENIDA E, 471 - II ETAPA;PREFEITO JOSÉ WALTER;
2024;1;FORTALEZA;22227;MARIA JOSÉ BRICIO;93;144;;1;EEEP PROFESSOR ONELIO PORTO;AVENIDA E, 471 - II ETAPA;PREFEITO JOSÉ WALTER;
2024;1;FORTALEZA;22227;MARIA JOSÉ BRICIO;93;154;;1;EM NELSON MANDELA;AV. C, 435;PREFEITO JOSÉ WALTER;
2024;1;FORTALEZA;22227;MARIA JOSÉ BRICIO;93;175;;1;EEFM ESTADO DO MARANHAO;RUA CARLOS PIMENTA,506;MONDUBIM;
2024;1;FORTALEZA;22227;MARIA JOSÉ BRICIO;93;179;;1;EEFM ESTADO DO MARANHAO;RUA CARLOS PIMENTA,506;MONDUBIM;
2024;1;FORTALEZA;22227;MARIA JOSÉ BRICIO;93;223;;1;EEFM POLIVALENTE MODELO DE FORTALEZA;AV A (ARAQUÉM AGUIAR), 482 - I ETAPA;PREFEITO JOSÉ WALTER;
2024;1;FORTALEZA;22227;MARIA JOSÉ BRICIO;93;230;;1;EEEP PROFESSOR OTAVIO TERCEIRO DE FARIAS;AVENIDA C, 435;PREFEITO JOSÉ WALTER;
2024;1;FORTALEZA;22227;MARIA JOSÉ BRICIO;93;233;;2;EEEP PROFESSOR OTAVIO TERCEIRO DE FARIAS;AVENIDA C, 435;PREFEITO JOSÉ WALTER;
2024;1;FORTALEZA;22227;MARIA JOSÉ BRICIO;93;265;;1;COLEGIO VEGA;AVENIDA C, 160;PREFEITO JOSÉ WALTER;
2024;1;FORTALEZA;22227;MARIA JOSÉ BRICIO;93;287;;1;CEI RACHEL DE QUEIROZ;RUA 41, S/N - II ETAPA;PREFEITO JOSÉ WALTER;
2024;1;FORTALEZA;22227;MARIA JOSÉ BRICIO;94;49;;2;EMTI JOSÉ CARLOS DE OLIVEIRA NETO;R. SAO VICENTE DE PAULO, 170;ANTÔNIO BEZERRA;
2024;1;FORTALEZA;22227;MARIA JOSÉ BRICIO;94;50;;1;EMTI JOSÉ CARLOS DE OLIVEIRA NETO;R. SAO VICENTE DE PAULO, 170;ANTÔNIO BEZERRA;
2024;1;FORTALEZA;22227;MARIA JOSÉ BRICIO;94;196;;1;EEFM DONA HILZA DIOGO DE OLIVEIRA;AV. DOM ALOÍSIO LORSCHEIDER, 1040 - VILA VELHA;VILA VELHA;
2024;1;FORTALEZA;22227;MARIA JOSÉ BRICIO;94;323;;1;COLEGIO SALOME BASTOS;RUA DESEMBARGADOR HERMES PARAHYBA 1120;VILA VELHA;
2024;1;FORTALEZA;22227;MARIA JOSÉ BRICIO;94;446;;1;EM PADRE JOSEFINO CABRAL;AV SARGENTO HERMINIO SAMPAIO 5598;ANTÔNIO BEZERRA;
2024;1;FORTALEZA;22227;MARIA JOSÉ BRICIO;94;541;;1;INSTITUTO PEDAGÓGICO MIRASSOL;RUA FRANCISQUINHA PORTELA, 2904;QUINTINO CUNHA;
2024;1;FORTALEZA;22227;MARIA JOSÉ BRICIO;94;777;;1;EEMTI MARIA JOSÉ SANTOS FERREIRA GOMES;RUA DONA LUCIA PINHEIRO, 93;QUINTINO CUNHA;
2024;1;FORTALEZA;22227;MARIA JOSÉ BRICIO;94;809;;1;EMEIF HERONDINA LIMA CAVALCANTE;AV. AMBIENTALISTA ARY THIERS, 310;VILA VELHA;
2024;1;FORTALEZA;22227;MARIA JOSÉ BRICIO;94;811;;1;COLEGIO JULIA FIALHO;RUA JOSE ACIOLY 73;ANTÔNIO BEZERRA;
2024;1;FORTALEZA;22227;MARIA JOSÉ BRICIO;94;848;;1;COLÉGIO EVOLUIR;RUA CÂNDIDO MAIA,109;ANTÔNIO BEZERRA;
2024;1;FORTALEZA;22227;MARIA JOSÉ BRICIO;95;255;;1;EMEIEF OTAVIO DE FARIAS;RUA JOAO FERREIRA, S/N;BARROSO;
2024;1;FORTALEZA;22227;MARIA JOSÉ BRICIO;95;270;;1;EM SINÓ PINHEIRO;RUA 14, 151 (CJ JOAO PAULO II);BARROSO;
2024;1;FORTALEZA;22227;MARIA JOSÉ BRICIO;112;22;;1;EM MARIA DE LOURDES RIBEIRO JEREISSATI;RUA REINO UNIDO, 115;JARDIM DAS OLIVEIRAS;
2024;1;FORTALEZA;22227;MARIA JOSÉ BRICIO;112;179;;1;COLÉGIO TIRADENTES;AV OLIVEIRA PAIVA, 223;CIDADE DOS FUNCIONÁRIOS;
2024;1;FORTALEZA;22227;MARIA JOSÉ BRICIO;112;400;;1;EEMTI PROFESSORA TECLA FERREIRA;RUA FRANCISCA BEZERRA, 417;SAPIRANGA-COITÉ;
2024;1;FORTALEZA;22227;MARIA JOSÉ BRICIO;112;424;;1;COLEGIO ARI DE SA CAVALCANTE WS;AV WASHINGTON SOARES, 3737;EDSON QUEIROZ;
2024;1;FORTALEZA;22227;MARIA JOSÉ BRICIO;113;20;;1;IFCE - INST FEDERAL DE CIÊNCIA E TECNOLOGIA (CEFET);AV. 13 DE MAIO, 2081;BENFICA;
2024;1;FORTALEZA;22227;MARIA JOSÉ BRICIO;113;57;;1;COLÉGIO FARIAS BRITO;RUA SENADOR POMPEU, 2607;JOSÉ BONIFÁCIO;
2024;1;FORTALEZA;22227;MARIA JOSÉ BRICIO;113;137;;1;EEFM ESTADO DO PARANÁ;RUA ALBERTO MAGNO, 123;JARDIM AMÉRICA;
2024;1;FORTALEZA;22227;MARIA JOSÉ BRICIO;113;301;;1;COLÉGIO FARIAS BRITO;RUA SENADOR POMPEU, 2607;JOSÉ BONIFÁCIO;
2024;1;FORTALEZA;22227;MARIA JOSÉ BRICIO;113;345;;1;ESCOLA ESTADUAL DE EDUCAÇÃO PROFISSIONAL JOAQUIM NOGUEIRA;RUA MOREIRA DE SOUSA, 327;PARQUELÂNDIA;
2024;1;FORTALEZA;22227;MARIA JOSÉ BRICIO;113;361;;1;COLÉGIO ESTADUAL PRESIDENTE HUMBERTO CASTELO BRANCO;RUA IRMA BAZET, 210;MONTESE;
2024;1;FORTALEZA;22227;MARIA JOSÉ BRICIO;113;419;;2;EEFM MARECHAL HUMBERTO DE ALENCAR C. BRANCO;RUA ALVARO FERNANDES, 913;MONTESE;
2024;1;FORTALEZA;22227;MARIA JOSÉ BRICIO;114;11;;1;EM JESUS CRISTO - CEI ANEXO;RUA ALBERTO FERREIRA 564;JARDIM IRACEMA;
2024;1;FORTALEZA;22227;MARIA JOSÉ BRICIO;114;45;;1;EM CASIMIRO JOSÉ LIMA FILHO;AVENIDA FRANCISCO SÁ 6449;BARRA DO CEARÁ;
2024;1;FORTALEZA;22227;MARIA JOSÉ BRICIO;114;97;;1;EM RAIMUNDO DE SOUSA MANGUEIRA;RUA ALBERTO FERREIRA 624;JARDIM IRACEMA;
2024;1;FORTALEZA;22227;MARIA JOSÉ BRICIO;115;44;;1;UNIVERSIDADE ESTADUAL DO CEARA - UECE;AV DR. SILAS MUNGUBA, 1700;ITAPERI;
2024;1;FORTALEZA;22227;MARIA JOSÉ BRICIO;115;100;;1;EMTI CAROLINO SUCUPIRA;RUA MUNDICA PAULA, 670;PARANGABA;
2024;1;FORTALEZA;22227;MARIA JOSÉ BRICIO;115;117;;1;DETRAN;AV GODOFREDO MACIEL, 2900;MARAPONGA;
2024;1;FORTALEZA;22227;MARIA JOSÉ BRICIO;115;196;;1;EEMTI MARIA THOMÁSIA;RUA POLONIA, 369;PARANGABA;
2024;1;FORTALEZA;22227;MARIA JOSÉ BRICIO;115;333;;2;COLÉGIO LOURENÇO FILHO - PARANGABA;RUA CÔNEGO DE CASTRO 700;PARANGABA;
2024;1;FORTALEZA;22227;MARIA JOSÉ BRICIO;115;343;350, 361, 355;2;EEEP JOAQUIM MOREIRA DE SOUSA;RUA CAIO PRADO 02;PARANGABA;
2024;1;FORTALEZA;22227;MARIA JOSÉ BRICIO;115;348;352, 356, 353;1;EEEP JOAQUIM MOREIRA DE SOUSA;RUA CAIO PRADO 02;PARANGABA;
2024;1;FORTALEZA;22227;MARIA JOSÉ BRICIO;115;370;;2;EM CATULO DA PAIXAO CEARENSE;RUA LEAO DO NORTE 300;VILA PERI;
2024;1;FORTALEZA;22227;MARIA JOSÉ BRICIO;115;373;;1;EEMTI GENERAL EUDORO CORREA;RUA JULIO BRAGA 101;PARANGABA;
2024;1;FORTALEZA;22227;MARIA JOSÉ BRICIO;115;377;;2;EEMTI GENERAL EUDORO CORREA;RUA JULIO BRAGA 101;PARANGABA;
2024;1;FORTALEZA;22227;MARIA JOSÉ BRICIO;115;399;;1;EM CLÁUDIO MARTINS;RUA BARÃO DE CANINDÉ, S/N;PARANGABA;
2024;1;FORTALEZA;22227;MARIA JOSÉ BRICIO;115;412;;1;COLEGIO GURI  SENIOR;RUA CONEGO DE CASTRO 1780;PARANGABA;
2024;1;FORTALEZA;22227;MARIA JOSÉ BRICIO;115;417;;2;CEJA - PROFº MOREIRA CAMPOS;RUA JULIO BRAGA, 101 B;PARANGABA;
2024;1;FORTALEZA;22227;MARIA JOSÉ BRICIO;115;420;;1;CEJA - PROFº MOREIRA CAMPOS;RUA JULIO BRAGA, 101 B;PARANGABA;
2024;1;FORTALEZA;22227;MARIA JOSÉ BRICIO;115;421;;1;CEJA - PROFº MOREIRA CAMPOS;RUA JULIO BRAGA, 101 B;PARANGABA;
2024;1;FORTALEZA;22227;MARIA JOSÉ BRICIO;115;426;;1;CENTRO DE EDUCAÇÃO PEDAGÓGICO EÇA DE QUEIROZ;RUA DOM XISTO ALBANO 611;VILA PERI;
2024;1;FORTALEZA;22227;MARIA JOSÉ BRICIO;115;441;;1;EM RAIMUNDO SOARES DE SOUSA;RUA COSTA FREIRE 550;VILA PERI;
2024;1;FORTALEZA;22227;MARIA JOSÉ BRICIO;115;451;;1;EM HENRIQUETA GALENO;RUA MAJOR MONTENEGRO 917;MANOEL SÁTIRO;
2024;1;FORTALEZA;22227;MARIA JOSÉ BRICIO;115;486;;1;ESCOLA MARISTA SAGRADO CORAÇÃO;RUA VIDAL DE NEGREIROS, 550;JARDIM CEARENSE;
2024;1;FORTALEZA;22227;MARIA JOSÉ BRICIO;116;4;;1;CAIC - MARIA ALVES CARIOCA;RUA GUARAREMA 690;GRANJA LISBOA;
2024;1;FORTALEZA;22227;MARIA JOSÉ BRICIO;116;32;;1;EM SERVULO MENDES BARROSO;RUA JOSE MARTINS 2239;GRANJA LISBOA;
2024;1;FORTALEZA;22227;MARIA JOSÉ BRICIO;116;33;;1;EM SERVULO MENDES BARROSO;RUA JOSE MARTINS 2239;GRANJA LISBOA;
2024;1;FORTALEZA;22227;MARIA JOSÉ BRICIO;116;36;;1;EM REITOR ANTONIO MARTINS FILHO;RUA TEODORO DE CASTRO 1175;GRANJA PORTUGAL;
2024;1;FORTALEZA;22227;MARIA JOSÉ BRICIO;116;43;;2;EM SANTOS DUMONT;RUA GERALDO BARBOSA 240;BOM JARDIM;
2024;1;FORTALEZA;22227;MARIA JOSÉ BRICIO;116;44;;1;EM SANTOS DUMONT;RUA GERALDO BARBOSA 240;BOM JARDIM;
2024;1;FORTALEZA;22227;MARIA JOSÉ BRICIO;116;47;;1;EM SANTOS DUMONT;RUA GERALDO BARBOSA 240;BOM JARDIM;
2024;1;FORTALEZA;22227;MARIA JOSÉ BRICIO;116;48;;2;EM SANTOS DUMONT;RUA GERALDO BARBOSA 240;BOM JARDIM;
2024;1;FORTALEZA;22227;MARIA JOSÉ BRICIO;116;52;;1;EM SANTOS DUMONT;RUA GERALDO BARBOSA 240;BOM JARDIM;
2024;1;FORTALEZA;22227;MARIA JOSÉ BRICIO;116;57;;2;EM SANTOS DUMONT;RUA GERALDO BARBOSA 240;BOM JARDIM;
2024;1;FORTALEZA;22227;MARIA JOSÉ BRICIO;116;60;;2;EM CRESCER E APRENDER;RUA EDSON MARTINS, 642;BOM JARDIM;
2024;1;FORTALEZA;22227;MARIA JOSÉ BRICIO;116;85;;1;EM CONCEICAO MOURAO;RUA DUAS NACOES 550;GRANJA PORTUGAL;
2024;1;FORTALEZA;22227;MARIA JOSÉ BRICIO;116;86;;1;EM CONCEICAO MOURAO;RUA DUAS NACOES 550;GRANJA PORTUGAL;
2024;1;FORTALEZA;22227;MARIA JOSÉ BRICIO;116;92;;1;EM CREUSA DO CARMO ROCHA;RUA DUAS NACOES 1055;GRANJA PORTUGAL;
2024;1;FORTALEZA;22227;MARIA JOSÉ BRICIO;116;94;;1;EM CREUSA DO CARMO ROCHA;RUA DUAS NACOES 1055;GRANJA PORTUGAL;
2024;1;FORTALEZA;22227;MARIA JOSÉ BRICIO;116;105;;2;EM JOSE CARLOS MATOS;RUA ITAJAI 802;GRANJA PORTUGAL;
2024;1;FORTALEZA;22227;MARIA JOSÉ BRICIO;116;120;;1;EEFM PROF JOCIE CAMINHA DE MENEZES;RUA ITU 120;GRANJA PORTUGAL;
2024;1;FORTALEZA;22227;MARIA JOSÉ BRICIO;116;122;;2;EEFM PROF JOCIE CAMINHA DE MENEZES;RUA ITU 120;GRANJA PORTUGAL;
2024;1;FORTALEZA;22227;MARIA JOSÉ BRICIO;116;126;;2;EEFM PROF JOCIE CAMINHA DE MENEZES;RUA ITU 120;GRANJA PORTUGAL;
2024;1;FORTALEZA;22227;MARIA JOSÉ BRICIO;116;128;;1;EEFM PROF JOCIE CAMINHA DE MENEZES;RUA ITU 120;GRANJA PORTUGAL;
2024;1;FORTALEZA;22227;MARIA JOSÉ BRICIO;116;150;;1;EEFM SAO FRANCISCO DE ASSIS - GRANJA PORTUGAL;RUA NEREIDE 320;GRANJA PORTUGAL;
2024;1;FORTALEZA;22227;MARIA JOSÉ BRICIO;116;152;;3;EM SEBASTIAO DE ABREU;RUA GERALDO BARBOSA 1065;BOM JARDIM;
2024;1;FORTALEZA;22227;MARIA JOSÉ BRICIO;116;153;;1;EM SEBASTIAO DE ABREU;RUA GERALDO BARBOSA 1065;BOM JARDIM;
2024;1;FORTALEZA;22227;MARIA JOSÉ BRICIO;116;156;;1;EM SEBASTIAO DE ABREU;RUA GERALDO BARBOSA 1065;BOM JARDIM;
2024;1;FORTALEZA;22227;MARIA JOSÉ BRICIO;116;158;;1;EM SEBASTIAO DE ABREU;RUA GERALDO BARBOSA 1065;BOM JARDIM;
2024;1;FORTALEZA;22227;MARIA JOSÉ BRICIO;116;159;;1;EM SEBASTIAO DE ABREU;RUA GERALDO BARBOSA 1065;BOM JARDIM;
2024;1;FORTALEZA;22227;MARIA JOSÉ BRICIO;116;160;;1;EM SEBASTIAO DE ABREU;RUA GERALDO BARBOSA 1065;BOM JARDIM;
2024;1;FORTALEZA;22227;MARIA JOSÉ BRICIO;116;162;;2;EM SEBASTIAO DE ABREU;RUA GERALDO BARBOSA 1065;BOM JARDIM;
2024;1;FORTALEZA;22227;MARIA JOSÉ BRICIO;116;177;;1;CENTRO EDUCACIONAL HORA DE APRENDER;RUA VITAL BRASIL 2533;GRANJA PORTUGAL;
2024;1;FORTALEZA;22227;MARIA JOSÉ BRICIO;116;179;;1;CENTRO EDUCACIONAL HORA DE APRENDER;RUA VITAL BRASIL 2533;GRANJA PORTUGAL;
2024;1;FORTALEZA;22227;MARIA JOSÉ BRICIO;116;188;;1;EM EDUCADOR PAULO FREIRE;RUA CORONEL FABRICIANO 452;GRANJA PORTUGAL;
2024;1;FORTALEZA;22227;MARIA JOSÉ BRICIO;116;189;;1;EM EDUCADOR PAULO FREIRE;RUA CORONEL FABRICIANO 452;GRANJA PORTUGAL;
2024;1;FORTALEZA;22227;MARIA JOSÉ BRICIO;116;190;;1;EM MANOEL MALVEIRA MAIA;RUA MANUEL GALDINO 2890;BOM JARDIM;
2024;1;FORTALEZA;22227;MARIA JOSÉ BRICIO;116;197;;1;EM PROF LIREDA FACO;RUA TRES CORACOES 735;GRANJA LISBOA;
2024;1;FORTALEZA;22227;MARIA JOSÉ BRICIO;116;200;;1;EM PROF LIREDA FACO;RUA TRES CORACOES 735;GRANJA LISBOA;
2024;1;FORTALEZA;22227;MARIA JOSÉ BRICIO;116;205;;2;EM SANTA ISABEL;RUA RAIMUNDO PINHEIRO 798;BOM JARDIM;
2024;1;FORTALEZA;22227;MARIA JOSÉ BRICIO;116;275;;1;EM EDUCADOR PAULO FREIRE;RUA CORONEL FABRICIANO 452;GRANJA PORTUGAL;
2024;1;FORTALEZA;22227;MARIA JOSÉ BRICIO;116;290;;2;EM SANTA ISABEL;RUA RAIMUNDO PINHEIRO 798;BOM JARDIM;
2024;1;FORTALEZA;22227;MARIA JOSÉ BRICIO;116;296;;1;EEFM SAO FRANCISCO DE ASSIS - GRANJA PORTUGAL;RUA NEREIDE 320;GRANJA PORTUGAL;
2024;1;FORTALEZA;22227;MARIA JOSÉ BRICIO;116;302;;1;EM CRESCER E APRENDER;RUA EDSON MARTINS, 642;BOM JARDIM;
2024;1;FORTALEZA;22227;MARIA JOSÉ BRICIO;116;312;;1;EM SANTA ISABEL;RUA RAIMUNDO PINHEIRO 798;BOM JARDIM;
2024;1;FORTALEZA;22227;MARIA JOSÉ BRICIO;116;326;;2;EEFM SAO FRANCISCO DE ASSIS - GRANJA PORTUGAL;RUA NEREIDE 320;GRANJA PORTUGAL;
2024;1;FORTALEZA;22227;MARIA JOSÉ BRICIO;116;346;;1;EEEP ICARO DE SOUSA MOREIRA - LICEU DO BOM JARDIM;RUA JOSE MARTINS, 2246;GRANJA LISBOA;
2024;1;FORTALEZA;22227;MARIA JOSÉ BRICIO;116;347;;1;EM SANTA ISABEL;RUA RAIMUNDO PINHEIRO 798;BOM JARDIM;
2024;1;FORTALEZA;22227;MARIA JOSÉ BRICIO;116;358;;3;EM FRANCISCO EDMILSON PINHEIRO;AVENIDA H, 2115, 4A ETAPA;CONJUNTO CEARÁ II;
2024;1;FORTALEZA;22227;MARIA JOSÉ BRICIO;116;365;;1;EM PROF LIREDA FACO;RUA TRES CORACOES 735;GRANJA LISBOA;
2024;1;FORTALEZA;22227;MARIA JOSÉ BRICIO;116;367;;1;PROJETO ABC BOM JARDIM;RUA TRES CORACOES 762;GRANJA LISBOA;
2024;1;FORTALEZA;22227;MARIA JOSÉ BRICIO;116;368;;1;EM IRMÃ ROCHA - ANEXO;RUA EMILIO DE MENEZES S/N;GRANJA PORTUGAL;
2024;1;FORTALEZA;22227;MARIA JOSÉ BRICIO;116;426;506;1;EM RAIMUNDO MOREIRA SENA;RUA G, 93, CJ. NOVA RESIDENCIA;BOM JARDIM;
2024;1;FORTALEZA;22227;MARIA JOSÉ BRICIO;116;460;;1;COLEGIO LIMA NOGUEIRA;RUA JULIO BRAGA, 1117;JOÃO XXIII;
2024;1;FORTALEZA;22227;MARIA JOSÉ BRICIO;116;466;;1;EM FRANCISCO EDMILSON PINHEIRO;AVENIDA H, 2115, 4A ETAPA;CONJUNTO CEARÁ II;
2024;1;FORTALEZA;22227;MARIA JOSÉ BRICIO;116;469;;1;CENTRO CULTURAL BOM JARDIM;RUA TRES CORACOES 400;GRANJA LISBOA;
2024;1;FORTALEZA;22227;MARIA JOSÉ BRICIO;116;481;;2;EEFM SAO FRANCISCO DE ASSIS - GRANJA PORTUGAL;RUA NEREIDE 320;GRANJA PORTUGAL;
2024;1;FORTALEZA;22227;MARIA JOSÉ BRICIO;116;487;;1;EM JOSE CARLOS MATOS;RUA ITAJAI 802;GRANJA PORTUGAL;
2024;1;FORTALEZA;22227;MARIA JOSÉ BRICIO;116;505;;1;CEI REITOR ANTONIO MARTINS FILHO - UNIDADE 2;RUA HUMBERTO LOMEU 1220;GRANJA PORTUGAL;
2024;1;FORTALEZA;22227;MARIA JOSÉ BRICIO;117;157;;1;EEF JOSE AYRTON TEIXEIRA;RUA ALFREDO MAMEDE SN;MANOEL SÁTIRO;
2024;1;FORTALEZA;22227;MARIA JOSÉ BRICIO;117;163;;2;EEFM JULIA ALVES PESSOA;RUA SÃO FRANCISCO SN;BOM JARDIM;
2024;1;FORTALEZA;22227;MARIA JOSÉ BRICIO;117;164;;1;EEFM JULIA ALVES PESSOA;RUA SÃO FRANCISCO SN;BOM JARDIM;
2024;1;FORTALEZA;22227;MARIA JOSÉ BRICIO;117;165;;3;EEFM JULIA ALVES PESSOA;RUA SÃO FRANCISCO SN;BOM JARDIM;
2024;1;FORTALEZA;22227;MARIA JOSÉ BRICIO;117;166;;2;EEFM JULIA ALVES PESSOA;RUA SÃO FRANCISCO SN;BOM JARDIM;
2024;1;FORTALEZA;22227;MARIA JOSÉ BRICIO;117;167;;1;EEFM JULIA ALVES PESSOA;RUA SÃO FRANCISCO SN;BOM JARDIM;
2024;1;FORTALEZA;22227;MARIA JOSÉ BRICIO;117;168;;1;EEFM JULIA ALVES PESSOA;RUA SÃO FRANCISCO SN;BOM JARDIM;
2024;1;FORTALEZA;22227;MARIA JOSÉ BRICIO;117;169;;1;EEFM JULIA ALVES PESSOA;RUA SÃO FRANCISCO SN;BOM JARDIM;
2024;1;FORTALEZA;22227;MARIA JOSÉ BRICIO;117;170;;2;EEFM JULIA ALVES PESSOA;RUA SÃO FRANCISCO SN;BOM JARDIM;
2024;1;FORTALEZA;22227;MARIA JOSÉ BRICIO;117;171;;1;EEFM JULIA ALVES PESSOA;RUA SÃO FRANCISCO SN;BOM JARDIM;
2024;1;FORTALEZA;22227;MARIA JOSÉ BRICIO;117;173;;4;COLÉGIO LUMEN;RUA SÃO FRANCISCO DO JARDIM, 396;BOM JARDIM;
2024;1;FORTALEZA;22227;MARIA JOSÉ BRICIO;117;175;;1;COLÉGIO LUMEN;RUA SÃO FRANCISCO DO JARDIM, 396;BOM JARDIM;
2024;1;FORTALEZA;22227;MARIA JOSÉ BRICIO;117;176;;1;COLÉGIO LUMEN;RUA SÃO FRANCISCO DO JARDIM, 396;BOM JARDIM;
2024;1;FORTALEZA;22227;MARIA JOSÉ BRICIO;117;177;;1;COLÉGIO LUMEN;RUA SÃO FRANCISCO DO JARDIM, 396;BOM JARDIM;
2024;1;FORTALEZA;22227;MARIA JOSÉ BRICIO;117;179;;1;COLÉGIO VENCER;RUA JARDIM PARUARA, 1108;SIQUEIRA;
2024;1;FORTALEZA;22227;MARIA JOSÉ BRICIO;117;180;;2;COLÉGIO LUMEN;RUA SÃO FRANCISCO DO JARDIM, 396;BOM JARDIM;
2024;1;FORTALEZA;22227;MARIA JOSÉ BRICIO;117;181;;2;COLÉGIO LUMEN;RUA SÃO FRANCISCO DO JARDIM, 396;BOM JARDIM;
2024;1;FORTALEZA;22227;MARIA JOSÉ BRICIO;117;191;;1;EEFM IRAPUAN CAVALCANTE PINHEIRO;AV E 305;CONJUNTO ESPERANÇA;
2024;1;FORTALEZA;22227;MARIA JOSÉ BRICIO;117;200;484;1;EMTI PROFESSORA MARIA JOSÉ FERREIRA GOMES;RUA CÔNEGO DE CASTRO, 8617;PARQUE PRESIDENTE VARGAS;
2024;1;FORTALEZA;22227;MARIA JOSÉ BRICIO;117;202;;1;COLÉGIO CASTRO ALVES;RUA TULIPA NEGRA, 2319;PARQUE PRESIDENTE VARGAS;
2024;1;FORTALEZA;22227;MARIA JOSÉ BRICIO;117;204;;1;EMTI PROFESSORA MARIA JOSÉ FERREIRA GOMES;RUA CÔNEGO DE CASTRO, 8617;PARQUE PRESIDENTE VARGAS;
2024;1;FORTALEZA;22227;MARIA JOSÉ BRICIO;117;212;;1;EEFM PROFA ADALGISA BONFIM SOARES;AV. DO CANAL, S/N, ESQUINA COM RUA 103 - CONJUNTO ESPERANÇA;CONJUNTO ESPERANÇA;
2024;1;FORTALEZA;22227;MARIA JOSÉ BRICIO;117;223;;1;EEFM SENADOR OSIRES PONTES;RUA DIVINA 150;SIQUEIRA;
2024;1;FORTALEZA;22227;MARIA JOSÉ BRICIO;117;226;;1;EEFM SENADOR OSIRES PONTES;RUA DIVINA 150;SIQUEIRA;
2024;1;FORTALEZA;22227;MARIA JOSÉ BRICIO;117;228;;1;EEFM SENADOR OSIRES PONTES;RUA DIVINA 150;SIQUEIRA;
2024;1;FORTALEZA;22227;MARIA JOSÉ BRICIO;117;229;;1;EEFM SENADOR OSIRES PONTES;RUA DIVINA 150;SIQUEIRA;
2024;1;FORTALEZA;22227;MARIA JOSÉ BRICIO;117;232;;1;EEFM SENADOR OSIRES PONTES;RUA DIVINA 150;SIQUEIRA;
2024;1;FORTALEZA;22227;MARIA JOSÉ BRICIO;117;234;;1;ESCOLA MUNICIPAL CATARINA LIMA DA SILVA;RUA PEDRO MARTINS, 313;BOM JARDIM;
2024;1;FORTALEZA;22227;MARIA JOSÉ BRICIO;117;254;;1;EM PADRE ANTONIO MONTEIRO DA CRUZ;RUA DE PEDESTRE XIII, 25 - JARDIM FLUMINENSE II;CANINDEZINHO;
2024;1;FORTALEZA;22227;MARIA JOSÉ BRICIO;117;263;;1;COLÉGIO VENCER;RUA JARDIM PARUARA, 1108;SIQUEIRA;
2024;1;FORTALEZA;22227;MARIA JOSÉ BRICIO;117;269;;1;ESCOLA MUNICIPAL CATARINA LIMA DA SILVA;RUA PEDRO MARTINS, 313;BOM JARDIM;
2024;1;FORTALEZA;22227;MARIA JOSÉ BRICIO;117;270;;1;ESCOLA MUNICIPAL HERBERT DE SOUSA;RUA URUCUTUBA 1599;BOM JARDIM;
2024;1;FORTALEZA;22227;MARIA JOSÉ BRICIO;117;279;;1;EEFM SENADOR OSIRES PONTES;RUA DIVINA 150;SIQUEIRA;
2024;1;FORTALEZA;22227;MARIA JOSÉ BRICIO;117;300;;5;EM PROFESSOR JOSÉ FERREIRA DE ALENCAR;RUA SÃO FRANCISCO DO JARDIM, 557;BOM JARDIM;
2024;1;FORTALEZA;22227;MARIA JOSÉ BRICIO;117;315;;1;COLÉGIO VIDA VIVA;RUA JOSÉ MARIA, 100;SIQUEIRA;
2024;1;FORTALEZA;22227;MARIA JOSÉ BRICIO;117;330;;4;EM PROFESSOR JOSÉ FERREIRA DE ALENCAR;RUA SÃO FRANCISCO DO JARDIM, 557;BOM JARDIM;
2024;1;FORTALEZA;22227;MARIA JOSÉ BRICIO;117;358;;1;EEFM IRAPUAN CAVALCANTE PINHEIRO;AV E 305;CONJUNTO ESPERANÇA;
2024;1;FORTALEZA;22227;MARIA JOSÉ BRICIO;117;360;;1;ESCOLA MUNICIPAL CATARINA LIMA DA SILVA;RUA PEDRO MARTINS, 313;BOM JARDIM;
2024;1;FORTALEZA;22227;MARIA JOSÉ BRICIO;117;363;;1;PROJETO ALIANÇA COM CRISTO;RUA WALDEMAR PAES BRAGANÇA 1208;BOM JARDIM;
2024;1;FORTALEZA;22227;MARIA JOSÉ BRICIO;117;369;;1;ESCOLA MUNICIPAL PROF JOSE CÍRIO PEREIRA FILHO;RUA QUARTZO ROSA, 100;SIQUEIRA;
2024;1;FORTALEZA;22227;MARIA JOSÉ BRICIO;117;382;;1;PROJETO ALIANÇA COM CRISTO;RUA WALDEMAR PAES BRAGANÇA 1208;BOM JARDIM;
2024;1;FORTALEZA;22227;MARIA JOSÉ BRICIO;117;405;;1;CUCA MONDUBIM;RUA PROFESSOR GLAUCO LOBO S/N;NOVO MONDUBIM;
2024;1;FORTALEZA;22227;MARIA JOSÉ BRICIO;117;408;;3;ESCOLA MUNICIPAL CATARINA LIMA DA SILVA;RUA PEDRO MARTINS, 313;BOM JARDIM;
2024;1;FORTALEZA;22227;MARIA JOSÉ BRICIO;117;413;;1;ESCOLA MUNICIPAL HERBERT DE SOUSA;RUA URUCUTUBA 1599;BOM JARDIM;
2024;1;FORTALEZA;22227;MARIA JOSÉ BRICIO;117;416;;1;EM FLORIVAL ALVES SERAINE;RUA ITATIAIA, 1000;CANINDEZINHO;
2024;1;FORTALEZA;22227;MARIA JOSÉ BRICIO;117;421;;1;EEF JOSE AYRTON TEIXEIRA;RUA ALFREDO MAMEDE SN;MANOEL SÁTIRO;
2024;1;FORTALEZA;22227;MARIA JOSÉ BRICIO;117;427;;2;EMEIF PROF. EDILSON BRASIL SOAREZ;RUA LOCAL 11 - CJ. TATUMUNDE;BOM JARDIM;
2024;1;FORTALEZA;22227;MARIA JOSÉ BRICIO;117;430;;3;ESCOLA MUNICIPAL CATARINA LIMA DA SILVA;RUA PEDRO MARTINS, 313;BOM JARDIM;
2024;1;FORTALEZA;22227;MARIA JOSÉ BRICIO;117;433;;2;EEFM SANTO AMARO;RUA NOVA CONQUISTA 871;BOM JARDIM;
2024;1;FORTALEZA;22227;MARIA JOSÉ BRICIO;117;434;;3;EEFM SANTO AMARO;RUA NOVA CONQUISTA 871;BOM JARDIM;
2024;1;FORTALEZA;22227;MARIA JOSÉ BRICIO;117;435;;3;EEFM SANTO AMARO;RUA NOVA CONQUISTA 871;BOM JARDIM;
2024;1;FORTALEZA;22227;MARIA JOSÉ BRICIO;117;437;;4;EEFM SANTO AMARO;RUA NOVA CONQUISTA 871;BOM JARDIM;
2024;1;FORTALEZA;22227;MARIA JOSÉ BRICIO;117;438;;3;EEFM SANTO AMARO;RUA NOVA CONQUISTA 871;BOM JARDIM;
2024;1;FORTALEZA;22227;MARIA JOSÉ BRICIO;117;439;;3;EEFM SANTO AMARO;RUA NOVA CONQUISTA 871;BOM JARDIM;
2024;1;FORTALEZA;22227;MARIA JOSÉ BRICIO;117;440;;2;EEFM SANTO AMARO;RUA NOVA CONQUISTA 871;BOM JARDIM;
2024;1;FORTALEZA;22227;MARIA JOSÉ BRICIO;117;450;;1;EM JOSE MARIA MOREIRA CAMPOS;RUA FRANCISCO ALMEIDA, 525 CJ. APOLO XI;PARQUE PRESIDENTE VARGAS;
2024;1;FORTALEZA;22227;MARIA JOSÉ BRICIO;117;453;;1;COLÉGIO VENCER;RUA JARDIM PARUARA, 1108;SIQUEIRA;
2024;1;FORTALEZA;22227;MARIA JOSÉ BRICIO;117;461;;1;COLÉGIO VENCER;RUA JARDIM PARUARA, 1108;SIQUEIRA;
2024;1;FORTALEZA;22227;MARIA JOSÉ BRICIO;117;465;;5;COLÉGIO VENCER;RUA JARDIM PARUARA, 1108;SIQUEIRA;
2024;1;FORTALEZA;22227;MARIA JOSÉ BRICIO;117;468;;1;CEI FRANCISCA DE ABREU LIMA;RUA C -  ESQUINA COM A RUA LUIZ MONTENEGRO, S/N;SIQUEIRA;
2024;1;FORTALEZA;22227;MARIA JOSÉ BRICIO;117;469;;1;ESCOLA MUNICIPAL PROF JOSE CÍRIO PEREIRA FILHO;RUA QUARTZO ROSA, 100;SIQUEIRA;
2024;1;FORTALEZA;22227;MARIA JOSÉ BRICIO;117;470;;2;ESCOLA MUNICIPAL CATARINA LIMA DA SILVA;RUA PEDRO MARTINS, 313;BOM JARDIM;
2024;1;FORTALEZA;22227;MARIA JOSÉ BRICIO;117;482;;1;COLÉGIO VENCER;RUA JARDIM PARUARA, 1108;SIQUEIRA;
2024;1;FORTALEZA;22227;MARIA JOSÉ BRICIO;118;15;;1;EM SANTA TEREZINHA;RUA AFONSO LOPES, 1095;PARQUE DOIS IRMÃOS;
2024;1;FORTALEZA;22227;MARIA JOSÉ BRICIO;118;444;;1;EM MARIA DE CARVALHO MARTINS;AVENIDA DOUTOR SILAS MUNGUBA, 4300;SERRINHA;
2024;1;FORTALEZA;22227;MARIA JOSÉ BRICIO;118;515;;2;EM PROFESSORA MARIA JOSÉ MACÁRIO COELHO;AVENIDA PASSARÉ, 530;PASSARÉ;
2024;1;FORTALEZA;22227;MARIA JOSÉ BRICIO;118;537;;1;COLEGIO MARIA ESTER II;RUA F (CONJUNTO MIRASSOL), 158;PARQUE DOIS IRMÃOS;
2024;1;FORTALEZA;22227;MARIA JOSÉ BRICIO;118;550;;1;EM PROFESSOR JACINTO BOTELHO;RUA DR. RODRIGO CODES SANDOVAL, 374;MONDUBIM;
2024;1;FORTALEZA;22227;MARIA JOSÉ BRICIO;118;616;;1;COLEGIO MARIA ESTER II;RUA F (CONJUNTO MIRASSOL), 158;PARQUE DOIS IRMÃOS;
2024;1;FORTALEZA;22227;MARIA JOSÉ BRICIO;118;659;;2;COLÉGIO SAGRADA FAMÍLIA;RUA MADRE ELISA BALDO, 331;SERRINHA;
2024;1;FORTALEZA;22227;MARIA JOSÉ BRICIO;118;662;;1;COLÉGIO MONTEIRO LOBATO;RUA 112, N 247, TUPÃ MIRIM;PARQUE DOIS IRMÃOS;
2024;1;FORTALEZA;22227;MARIA JOSÉ BRICIO;118;672;;2;COLÉGIO SÃO LUCAS;RUA JOSÉ DA FRANCA CABRAL, 748;BOA VISTA-CASTELÃO;
TOTAL;;;;;;;;314;
